GROUND,510,30,490,30
GROUND,150,15,614,177
GROUND,15,15,415,75
GROUND,15,15,396,337
GROUND,60,15,87,417
GROUND,30,15,117,447
GROUND,15,15,327,453
GROUND,15,75,297,514
GROUND,15,15,327,548
GROUND,15,195,14,254
GROUND,165,15,193,175
GROUND,15,15,376,234
GROUND,60,15,412,262
GROUND,15,15,448,233
GROUND,15,60,779,222
GROUND,15,45,778,446
GROUND,15,330,985,389
GROUND,15,15,836,147
GROUND,15,15,898,169
GROUND,45,15,889,269
SAVEPOINT,10,10,62,109
SAVEPOINT,10,10,327,594
SAVEPOINT,10,10,743,149
SPIKE,342,437,312,437,327,411,2
SPIKE,281,558,281,588,255,573,1
SPIKE,342,563,342,533,367,548,3
SPIKE,188,60,218,60,203,85,0
SPIKE,312,60,342,60,327,85,0
SPIKE,401,91,431,91,416,116,0
SPIKE,391,218,361,218,376,192,2
SPIKE,425,247,395,247,410,221,2
SPIKE,463,219,433,219,448,193,2
SPIKE,534,160,504,160,519,134,2
SPIKE,585,61,615,61,600,86,0
SPIKE,715,161,685,161,700,135,2
SPIKE,764,283,794,283,779,308,0
SPIKE,793,402,763,402,778,376,2
SPIKE,795,194,795,164,820,179,3
SPIKE,847,61,877,61,862,86,0
SPIKE,882,154,882,184,856,169,1
SPIKE,969,108,969,138,943,123,1
SPIKE,796,161,766,161,781,135,2
SPIKE,935,285,935,255,960,270,3
ENEMY,10,10,743,149
