GROUND,510,60,494,40,0
GROUND,525,90,481,616,4
GROUND,15,120,87,220,0
GROUND,15,45,88,481,0
GROUND,15,15,57,175,2
GROUND,15,195,0,331,0
GROUND,15,15,30,279,2
GROUND,15,105,117,205,0
GROUND,15,60,118,466,0
GROUND,15,15,147,169,2
GROUND,15,120,254,220,0
GROUND,15,135,284,235,0
GROUND,15,15,224,280,2
GROUND,15,15,254,511,0
GROUND,15,15,254,481,0
GROUND,15,15,254,451,0
GROUND,15,15,284,511,0
GROUND,15,15,284,481,0
GROUND,255,15,613,178,1
GROUND,300,120,662,406,4
GROUND,30,105,992,421,4
GROUND,15,15,977,301,4
GROUND,15,15,987,301,4
GROUND,15,60,1007,226,4
SAVEPOINT,10,10,25,318
SAVEPOINT,10,10,227,315
SPIKE,73,338,99,338,86,360.981,0
SPIKE,101,447,75,447,88,424.019,2
SPIKE,104,308,130,308,117,330.981,0
SPIKE,132,418,106,418,119,395.019,2
SPIKE,273,361,299,361,286,383.981,0
SPIKE,242,337,268,337,255,359.981,0
SPIKE,266,438,240,438,253,415.019,2
SPIKE,294,466,268,466,281,443.019,2
SPIKE,364,350,364,376,341.019,363,1
SPIKE,362,328,362,354,339.019,341,1
SPIKE,362,300,362,326,339.019,313,1
SPIKE,383,287,357,287,370,264.019,2
SPIKE,299,99,325,99,312,121.981,0
SPIKE,322,99,348,99,335,121.981,0
SPIKE,345,99,371,99,358,121.981,0
SPIKE,439,189,465,189,452,211.981,0
SPIKE,517,288,491,288,504,265.019,2
ENEMY,601.5,205
ENEMY,578.5,205
ENEMY,504.5,205
