GROUND,15,255,14,444,0
GROUND,15,15,14,174,0
GROUND,15,90,119,176,0
GROUND,15,15,44,214,2
GROUND,15,15,14,144,0
GROUND,30,15,1,70,0
GROUND,255,15,354,275,0
GROUND,15,120,222,410,0
GROUND,60,15,89,341,2
GROUND,15,15,192,380,2
GROUND,45,15,74,481,2
GROUND,30,15,16,10,0
GROUND,210,15,270,11,0
GROUND,15,15,223,545,0
GROUND,15,15,192,444,2
GROUND,30,15,206,575,0
GROUND,60,15,939,581,0
GROUND,135,15,744,581,2
GROUND,330,15,569,686,0
GROUND,15,75,986,671,0
GROUND,150,15,458,581,0
GROUND,15,15,252,485,0
GROUND,60,15,482,478,0
GROUND,15,90,435,373,0
GROUND,15,15,342,380,0
GROUND,15,15,604,491,0
GROUND,60,15,735,447,0
GROUND,60,15,910,369,0
GROUND,15,15,574,393,0
GROUND,15,15,801,326,0
GROUND,15,15,708,302,0
GROUND,270,15,730,182,0
GROUND,15,30,120,56,0
GROUND,15,195,985,392,0
GROUND,315,15,781,10,0
GROUND,15,30,985,55,0
GROUND,90,15,219,132,0
GROUND,30,15,390,130,0
GROUND,15,15,333,63,0
GROUND,30,15,61,10,0
GROUND,15,15,14,40,0
GROUND,60,15,914,686,0
GROUND,120,15,121,684,0
SAVEPOINT,10,10,50,43
SAVEPOINT,10,10,956,395
SAVEPOINT,10,10,956,58
SPIKE,212,322,212,348,189.019,335,1
SPIKE,212,531,212,557,189.019,544,1
SPIKE,211,497,211,523,188.019,510,1
SPIKE,211,292,211,318,188.019,305,1
SPIKE,568,587,594,587,581,609.981,0
SPIKE,518,677,492,677,505,654.019,2
SPIKE,441,588,467,588,454,610.981,0
SPIKE,387,675,361,675,374,652.019,2
SPIKE,310,587,336,587,323,609.981,0
SPIKE,335,570,309,570,322,547.019,2
SPIKE,359,569,333,569,346,546.019,2
SPIKE,383,568,357,568,370,545.019,2
SPIKE,319,291,345,291,332,313.981,0
SPIKE,344,291,370,291,357,313.981,0
SPIKE,371,290,397,290,384,312.981,0
SPIKE,396,289,422,289,409,311.981,0
SPIKE,330,394,356,394,343,416.981,0
SPIKE,329,369,329,395,306.019,382,1
SPIKE,356,393,356,367,378.981,380,3
SPIKE,592,490,618,490,605,512.981,0
SPIKE,603,477,603,503,580.019,490,1
SPIKE,605,505,605,479,627.981,492,3
SPIKE,617,490,591,490,604,467.019,2
SPIKE,683,433,683,459,660.019,446,1
SPIKE,564,403,590,403,577,425.981,0
SPIKE,565,379,565,405,542.019,392,1
SPIKE,586,378,560,378,573,355.019,2
SPIKE,589,405,589,379,611.981,392,3
SPIKE,816,339,816,313,838.981,326,3
SPIKE,696,317,722,317,709,339.981,0
SPIKE,698,290,698,316,675.019,303,1
SPIKE,723,287,697,287,710,264.019,2
SPIKE,720,314,720,288,742.981,301,3
SPIKE,792,312,792,338,769.019,325,1
SPIKE,632,191,658,191,645,213.981,0
SPIKE,767,193,793,193,780,215.981,0
SPIKE,970,173,944,173,957,150.019,2
SPIKE,994,170,968,170,981,147.019,2
SPIKE,392,144,418,144,405,166.981,0
SPIKE,359,115,359,141,336.019,128,1
SPIKE,422,145,422,119,444.981,132,3
SPIKE,363,141,389,141,376,163.981,0
SPIKE,179,588,205,588,192,610.981,0
SPIKE,61,675,35,675,48,652.019,2
SPIKE,93,673,67,673,80,650.019,2
ELEVATOR,64,567,639,0,1
ELEVATOR,341,371,527,0,1
ENEMY,63.5,368
ENEMY,159.5,302
ENEMY,55.5,508
ENEMY,403.5,608
ENEMY,493.5,608
SHOOTER,833,611
ENEMY,456.5,505
ENEMY,691.5,474
ENEMY,882.5,396
SHOOTER,507.5,305
ENEMY,951.5,209
ENEMY,730.5,209
ENEMY,507.5,209
SHOOTER,198.5,162
SHOOTER,736.5,40
SHOOTER,250.5,-25774.5
SHOOTER,297.5,41
