GROUND,270,45,100,37,2
GROUND,255,45,885,37,2
GROUND,15,15,385,10,0
GROUND,15,15,615,8,0
GROUND,30,165,499,234,0
GROUND,75,15,332,384,0
GROUND,75,15,661,386,0
GROUND,135,15,122,384,2
GROUND,15,255,999,337,3
GROUND,240,15,495,467,3
GROUND,15,135,0,217,3
GROUND,210,15,496,497,3
GROUND,180,15,496,527,3
SAVEPOINT,10,10,381,34
SAVEPOINT,10,10,623,32
SAVEPOINT,10,10,25,405
SPIKE,260,481,286,481,273,503.981,0
SPIKE,291,513,317,513,304,535.981,0
SPIKE,705,484,731,484,718,506.981,0
SPIKE,674,512,700,512,687,534.981,0
SPIKE,321,543,347,543,334,565.981,0
SPIKE,646,542,672,542,659,564.981,0
ELEVATOR,439,86,323,3,1
ELEVATOR,558,85,321,3,1
