GROUND,510,60,505,40,0
GROUND,195,15,307,115,0
GROUND,75,15,191,145,1
GROUND,15,15,281,145,4
GROUND,15,15,401,145,4
GROUND,15,15,431,145,4
GROUND,15,15,461,146,4
GROUND,105,15,611,146,1
GROUND,135,15,629,115,0
GROUND,60,15,772,146,4
GROUND,15,15,779,116,0
GROUND,15,15,809,116,0
GROUND,15,15,839,116,0
GROUND,15,15,491,146,4
GROUND,105,15,221,218,4
GROUND,570,90,481,606,4
GROUND,15,150,311,364,4
GROUND,60,15,56,218,4
GROUND,15,15,311,145,4
GROUND,30,15,416,205,4
GROUND,15,15,431,175,4
GROUND,15,15,401,175,4
GROUND,15,135,461,296,4
GROUND,30,15,416,274,4
GROUND,30,15,416,343,4
GROUND,30,15,416,416,4
GROUND,15,180,987,336,4
GROUND,15,150,534,364,4
GROUND,45,135,673,296,4
GROUND,15,15,613,234,1
GROUND,15,15,564,347,1
GROUND,30,150,814,358,4
GROUND,15,15,799,523,4
GROUND,15,15,829,523,4
SAVEPOINT,10,10,124,178
SPIKE,322,482,322,456,344.981,469,3
SPIKE,326,352,326,326,348.981,339,3
SPIKE,324,281,324,255,346.981,268,3
SPIKE,324,424,324,398,346.981,411,3
SPIKE,324,234,324,208,346.981,221,3
SPIKE,321,119,347,119,334,141.981,0
SPIKE,340,117,366,117,353,139.981,0
SPIKE,363,119,389,119,376,141.981,0
SPIKE,471,156,497,156,484,178.981,0
SPIKE,630,419,656,419,643,441.981,0
SPIKE,692,427,718,427,705,449.981,0
SPIKE,682,519,656,519,669,496.019,2
ELEVATOR,356,133,488,2,2
SHOOTER,424.5,373
SHOOTER,412.5,304
SHOOTER,423.5,235
ENEMY,782.5,173
SHOOTER,949.5,115
