GROUND,510,15,491,15
GROUND,15,15,984,46
GROUND,15,15,885,107
GROUND,30,15,813,77
GROUND,15,15,808,184
GROUND,15,15,711,185
GROUND,15,15,630,184
GROUND,30,15,568,106
GROUND,15,90,523,181
GROUND,15,15,553,226
GROUND,15,15,491,331
GROUND,15,15,446,145
GROUND,15,15,494,195
GROUND,15,15,382,178
GROUND,15,15,286,129
GROUND,15,15,322,258
GROUND,135,15,167,100
GROUND,15,105,39,220
GROUND,15,15,69,216
GROUND,30,15,84,310
GROUND,15,15,352,288
GROUND,15,15,355,368
GROUND,135,15,159,436
GROUND,30,285,-6,315
GROUND,105,15,203,549
GROUND,30,30,338,534
GROUND,510,15,506,688
GROUND,285,15,283,615
GROUND,60,15,538,538
GROUND,120,15,688,615
GROUND,15,90,719,510
GROUND,15,15,791,372
GROUND,15,90,613,463
GROUND,15,15,872,452
GROUND,15,240,987,433
GROUND,15,15,935,576
SAVEPOINT,10,10,985,102
SAVEPOINT,10,10,555,269
SAVEPOINT,10,10,79,146
SAVEPOINT,10,10,355,410
SAVEPOINT,10,10,318,581
SAVEPOINT,10,10,761,645
SAVEPOINT,10,10,792,421
SAVEPOINT,10,10,33,652
SPIKE,901,119,901,93,923.981,106,3
SPIKE,872,123,898,123,885,145.981,0
SPIKE,825,197,825,171,847.981,184,3
SPIKE,869,94,869,120,846.019,107,1
SPIKE,793,172,793,198,770.019,185,1
SPIKE,724,170,698,170,711,147.019,2
SPIKE,698,200,724,200,711,222.981,0
SPIKE,642,168,616,168,629,145.019,2
SPIKE,618,200,644,200,631,222.981,0
SPIKE,539,197,539,171,561.981,184,3
SPIKE,614,172,614,198,591.019,185,1
SPIKE,506,344,506,318,528.981,331,3
SPIKE,479,346,505,346,492,368.981,0
SPIKE,503,315,477,315,490,292.019,2
SPIKE,507,243,507,269,484.019,256,1
SPIKE,476,318,476,344,453.019,331,1
SPIKE,478,182,478,208,455.019,195,1
SPIKE,370,192,396,192,383,214.981,0
SPIKE,430,132,430,158,407.019,145,1
SPIKE,462,157,462,131,484.981,144,3
SPIKE,274,144,300,144,287,166.981,0
SPIKE,334,243,308,243,321,220.019,2
SPIKE,340,304,366,304,353,326.981,0
SPIKE,935,21,961,21,948,43.981,0
SPIKE,904,20,930,20,917,42.981,0
SPIKE,872,20,898,20,885,42.981,0
SPIKE,840,20,866,20,853,42.981,0
SPIKE,815,20,841,20,828,42.981,0
SPIKE,789,19,815,19,802,41.981,0
SPIKE,764,19,790,19,777,41.981,0
SPIKE,736,17,762,17,749,39.981,0
SPIKE,706,18,732,18,719,40.981,0
SPIKE,682,17,708,17,695,39.981,0
SPIKE,658,18,684,18,671,40.981,0
SPIKE,629,18,655,18,642,40.981,0
SPIKE,602,18,628,18,615,40.981,0
SPIKE,574,18,600,18,587,40.981,0
SPIKE,545,17,571,17,558,39.981,0
SPIKE,516,17,542,17,529,39.981,0
SPIKE,490,17,516,17,503,39.981,0
SPIKE,462,19,488,19,475,41.981,0
SPIKE,431,20,457,20,444,42.981,0
SPIKE,407,19,433,19,420,41.981,0
SPIKE,287,20,313,20,300,42.981,0
SPIKE,247,19,273,19,260,41.981,0
SPIKE,216,19,242,19,229,41.981,0
SPIKE,187,19,213,19,200,41.981,0
SPIKE,152,19,178,19,165,41.981,0
SPIKE,125,19,151,19,138,41.981,0
SPIKE,97,19,123,19,110,41.981,0
SPIKE,68,20,94,20,81,42.981,0
SPIKE,40,20,66,20,53,42.981,0
SPIKE,294,448,294,422,316.981,435,3
SPIKE,347,512,321,512,334,489.019,2
SPIKE,127,438,153,438,140,460.981,0
SPIKE,69,438,95,438,82,460.981,0
SPIKE,126,543,100,543,113,520.019,2
SPIKE,25,569,25,543,47.981,556,3
SPIKE,450,600,424,600,437,577.019,2
SPIKE,366,529,366,503,388.981,516,3
SPIKE,704,524,704,550,681.019,537,1
SPIKE,629,465,629,439,651.981,452,3
SPIKE,857,439,857,465,834.019,452,1
SPIKE,735,559,735,533,757.981,546,3
SPIKE,735,533,735,507,757.981,520,3
SPIKE,757,520,757,546,734.019,533,1
SPIKE,756,546,756,520,778.981,533,3
SPIKE,534,614,560,614,547,636.981,0
SPIKE,379,613,405,613,392,635.981,0
ENEMY,10,10,200,670
ENEMY,10,10,250,670
ENEMY,10,10,300,670
ENEMY,10,10,350,670
ENEMY,10,10,430,670
ENEMY,10,10,450,670
ENEMY,10,10,580,670
ENEMY,10,10,600,670
SHOOTER,10,10,500,670
SHOOTER,10,10,200,670
SHOOTER,10,10,700,670
