GROUND,60,15,953,472,2
GROUND,525,15,526,667,3
GROUND,75,120,963,291,3
GROUND,390,15,358,472,2
GROUND,390,180,363,230,3
GROUND,15,15,731,502,3
SAVEPOINT,10,10,940,494
SAVEPOINT,10,10,26,495
SPIKE,745,484,745,458,767.981,471,3
SPIKE,894,457,894,483,871.019,470,1
SPIKE,748,462,722,462,735,439.019,2
SPIKE,920,460,894,460,907,437.019,2
SPIKE,718,517,744,517,731,539.981,0
SPIKE,722,408,748,408,735,430.981,0
SPIKE,895,408,921,408,908,430.981,0
ENEMY,399,499
ENEMY,223,499
ENEMY,618.5,499
ENEMY,24,499
ENEMY,501,499
ENEMY,678.5,499
ENEMY,540.5,499
ENEMY,482,499
SHOOTER,162,502
SHOOTER,672.5,502
SHOOTER,544.5,502
SHOOTER,407,502
SHOOTER,243.5,502
SHOOTER,367.5,502
SHOOTER,351,502
SHOOTER,46.5,502
SHOOTER,436,502
ENEMY,528,422
ENEMY,234.5,422
ENEMY,52.5,422
ENEMY,519,422
ENEMY,437.5,422
SHOOTER,680,425
SHOOTER,25.5,425
SHOOTER,539,425
SHOOTER,237,425
