GROUND,500,50,500,50,0
GROUND,15,135,706,235,0
GROUND,15,30,915,130,0
GROUND,15,15,858,187,0
GROUND,15,15,805,215,0
GROUND,30,30,751,228,0
GROUND,15,105,708,475,0
GROUND,15,30,990,184,0
GROUND,465,15,572,692,0
GROUND,15,15,783,531,0
GROUND,45,15,968,589,2
GROUND,15,180,989,394,0
GROUND,270,15,425,493,0
GROUND,60,15,47,691,0
GROUND,15,210,11,466,0
GROUND,210,15,234,349,0
GROUND,225,15,466,233,0
GROUND,225,75,466,143,0
GROUND,15,45,10,211,0
SAVEPOINT,10,10,955,113
SPIKE,724,97,750,97,737,119.981,0
SPIKE,751,100,777,100,764,122.981,0
SPIKE,783,101,809,101,796,123.981,0
SPIKE,812,101,838,101,825,123.981,0
SPIKE,841,100,867,100,854,122.981,0
SPIKE,873,100,899,100,886,122.981,0
SPIKE,725,252,751,252,738,274.981,0
SPIKE,752,253,778,253,765,275.981,0
SPIKE,798,518,772,518,785,495.019,2
SPIKE,772,543,798,543,785,565.981,0
SPIKE,974,514,974,540,951.019,527,1
SPIKE,976,546,976,572,953.019,559,1
ELEVATOR,747,244,404,0,2
ELEVATOR,876,362,541,0,3
ENEMY,677.5,520
SHOOTER,228,523
ENEMY,649,520
ENEMY,640.5,520
ENEMY,631,520
ENEMY,622.5,520
ENEMY,609.5,520
ENEMY,599.5,520
ENEMY,565,520
SHOOTER,657.5,523
SHOOTER,75,379
SHOOTER,378,379
SHOOTER,343.5,379
SHOOTER,568.5,263
SHOOTER,558.5,263
SHOOTER,663.5,263
SHOOTER,303,263
ENEMY,205,112
ENEMY,114,112
ENEMY,59.5,112
