GROUND,500,50,500,50,0
GROUND,135,15,337,235,1
GROUND,75,30,547,250,0
GROUND,510,15,488,670,0
GROUND,45,15,541,295,1
GROUND,15,105,601,385,0
GROUND,15,15,571,368,2
GROUND,15,225,992,430,0
GROUND,15,15,993,190,0
GROUND,45,195,752,460,0
GROUND,60,15,766,209,1
GROUND,15,30,818,130,0
GROUND,150,45,349,145,0
GROUND,210,15,411,205,0
GROUND,75,45,547,145,0
SAVEPOINT,10,10,593,516
SPIKE,612,485,612,459,634.981,472,3
SPIKE,671,98,697,98,684,120.981,0
SHOOTER,771,115
ENEMY,742.5,112
SHOOTER,413.5,265
SHOOTER,565.5,325
