GROUND,510,15,507,16,0
GROUND,135,15,136,46,1
GROUND,15,15,124,151,1
GROUND,15,270,15,423,0
GROUND,15,15,45,208,1
GROUND,15,15,129,269,1
GROUND,15,15,183,269,1
GROUND,15,15,251,266,1
GROUND,15,15,333,266,1
GROUND,15,15,251,389,1
GROUND,15,15,334,386,1
GROUND,15,15,391,209,1
GROUND,15,15,452,239,1
GROUND,15,15,518,311,1
GROUND,15,15,574,212,1
GROUND,15,15,850,223,1
GROUND,15,15,548,311,1
GROUND,15,15,782,243,1
GROUND,15,15,742,267,1
GROUND,15,15,696,290,1
GROUND,15,300,988,331,0
GROUND,15,15,958,354,1
GROUND,15,15,958,269,1
GROUND,15,15,958,452,1
GROUND,15,15,879,450,1
GROUND,15,15,796,452,1
GROUND,15,15,654,451,1
GROUND,270,15,703,565,1
GROUND,15,15,624,451,1
GROUND,15,15,398,449,1
GROUND,15,75,418,625,0
GROUND,45,15,184,524,1
GROUND,15,15,45,637,1
GROUND,15,15,182,630,1
GROUND,15,15,297,631,1
GROUND,15,15,554,417,1
GROUND,15,15,513,649,0
SAVEPOINT,10,10,186,318
SAVEPOINT,10,10,551,349
SAVEPOINT,10,10,961,490
SAVEPOINT,10,10,184,565
SPIKE,271,28,297,28,284,50.981,0
SPIKE,137,164,137,138,159.981,151,3
SPIKE,109,138,109,164,86.019,151,1
SPIKE,59,220,59,194,81.981,207,3
SPIKE,31,221,57,221,44,243.981,0
SPIKE,142,257,116,257,129,234.019,2
SPIKE,117,255,117,281,94.019,268,1
SPIKE,143,281,143,255,165.981,268,3
SPIKE,195,256,169,256,182,233.019,2
SPIKE,297,30,323,30,310,52.981,0
SPIKE,324,30,350,30,337,52.981,0
SPIKE,348,29,374,29,361,51.981,0
SPIKE,374,28,400,28,387,50.981,0
SPIKE,399,31,425,31,412,53.981,0
SPIKE,426,31,452,31,439,53.981,0
SPIKE,452,31,478,31,465,53.981,0
SPIKE,478,30,504,30,491,52.981,0
SPIKE,505,30,531,30,518,52.981,0
SPIKE,530,31,556,31,543,53.981,0
SPIKE,554,32,580,32,567,54.981,0
SPIKE,583,31,609,31,596,53.981,0
SPIKE,610,31,636,31,623,53.981,0
SPIKE,636,31,662,31,649,53.981,0
SPIKE,659,31,685,31,672,53.981,0
SPIKE,686,31,712,31,699,53.981,0
SPIKE,710,31,736,31,723,53.981,0
SPIKE,734,30,760,30,747,52.981,0
SPIKE,756,30,782,30,769,52.981,0
SPIKE,782,29,808,29,795,51.981,0
SPIKE,804,29,830,29,817,51.981,0
SPIKE,830,29,856,29,843,51.981,0
SPIKE,852,29,878,29,865,51.981,0
SPIKE,876,29,902,29,889,51.981,0
SPIKE,899,30,925,30,912,52.981,0
SPIKE,926,31,952,31,939,53.981,0
SPIKE,950,31,976,31,963,53.981,0
SPIKE,238,280,264,280,251,302.981,0
SPIKE,264,375,238,375,251,352.019,2
SPIKE,321,279,347,279,334,301.981,0
SPIKE,347,372,321,372,334,349.019,2
SPIKE,347,279,347,253,369.981,266,3
SPIKE,437,254,437,280,414.019,267,1
SPIKE,439,253,465,253,452,275.981,0
SPIKE,530,298,504,298,517,275.019,2
SPIKE,506,324,532,324,519,346.981,0
SPIKE,563,324,563,298,585.981,311,3
SPIKE,768,258,794,258,781,280.981,0
SPIKE,728,281,754,281,741,303.981,0
SPIKE,683,303,709,303,696,325.981,0
SPIKE,943,340,943,366,920.019,353,1
SPIKE,923,341,923,367,900.019,354,1
SPIKE,974,415,974,441,951.019,428,1
SPIKE,894,463,894,437,916.981,450,3
SPIKE,866,450,892,450,879,472.981,0
SPIKE,973,559,947,559,960,536.019,2
SPIKE,942,558,916,558,929,535.019,2
SPIKE,915,559,889,559,902,536.019,2
SPIKE,881,559,855,559,868,536.019,2
SPIKE,847,560,821,560,834,537.019,2
SPIKE,816,558,790,558,803,535.019,2
SPIKE,784,559,758,559,771,536.019,2
SPIKE,638,453,664,453,651,475.981,0
SPIKE,755,558,729,558,742,535.019,2
SPIKE,725,558,699,558,712,535.019,2
SPIKE,620,453,646,453,633,475.981,0
SPIKE,697,561,671,561,684,538.019,2
SPIKE,671,560,645,560,658,537.019,2
SPIKE,645,562,619,562,632,539.019,2
SPIKE,619,561,593,561,606,538.019,2
SPIKE,592,561,566,561,579,538.019,2
SPIKE,564,559,538,559,551,536.019,2
SPIKE,537,559,511,559,524,536.019,2
SPIKE,507,557,481,557,494,534.019,2
SPIKE,475,557,449,557,462,534.019,2
SPIKE,239,404,265,404,252,426.981,0
SPIKE,322,400,348,400,335,422.981,0
SPIKE,404,560,404,586,381.019,573,1
SPIKE,404,590,404,616,381.019,603,1
SPIKE,383,577,383,603,360.019,590,1
SPIKE,541,427,567,427,554,449.981,0
SHOOTER,514,595
SHOOTER,635.5,595
SHOOTER,604,595
SHOOTER,772.5,595
SHOOTER,840,595
SHOOTER,771.5,595
SHOOTER,694.5,595
SHOOTER,621,595
SHOOTER,943,595
SHOOTER,897,595
SHOOTER,885,595
SHOOTER,951,595
SHOOTER,537.5,595
SHOOTER,870.5,595
SHOOTER,880.5,595
SHOOTER,496,595
SHOOTER,731.5,595
