GROUND,420,30,414,29,0
GROUND,15,195,761,246,0
GROUND,15,405,989,404,0
GROUND,30,15,864,10,0
GROUND,30,15,806,141,2
GROUND,30,15,804,208,2
GROUND,30,15,806,270,2
GROUND,30,15,936,366,0
GROUND,165,15,611,456,0
GROUND,30,15,804,408,0
GROUND,15,30,461,501,0
GROUND,30,15,446,546,0
GROUND,15,15,345,545,0
GROUND,15,120,203,578,0
GROUND,45,15,340,425,0
GROUND,15,15,233,580,0
GROUND,15,90,204,368,0
GROUND,15,15,234,425,0
GROUND,180,15,566,327,0
GROUND,15,75,204,203,0
GROUND,120,15,339,142,0
GROUND,30,15,341,284,0
GROUND,90,15,98,682,0
GROUND,105,75,85,203,0
GROUND,105,240,87,430,0
SAVEPOINT,10,10,464,569
SAVEPOINT,10,10,850,39
SAVEPOINT,10,10,138,73
SPIKE,934,355,908,355,921,332.019,2
SPIKE,966,353,940,353,953,330.019,2
SPIKE,777,417,803,417,790,439.981,0
SPIKE,804,417,830,417,817,439.981,0
SPIKE,332,560,358,560,345,582.981,0
SPIKE,332,532,332,558,309.019,545,1
SPIKE,360,558,360,532,382.981,545,3
SPIKE,277,142,303,142,290,164.981,0
SPIKE,421,533,421,559,398.019,546,1
SPIKE,222,595,248,595,235,617.981,0
SPIKE,248,594,248,568,270.981,581,3
SPIKE,242,440,242,414,264.981,427,3
SPIKE,300,413,300,439,277.019,426,1
SPIKE,224,148,250,148,237,170.981,0
SPIKE,249,146,275,146,262,168.981,0
SPIKE,307,144,333,144,320,166.981,0
SPIKE,345,294,371,294,358,316.981,0
SPIKE,313,293,339,293,326,315.981,0
SPIKE,316,269,316,295,293.019,282,1
SPIKE,368,294,368,268,390.981,281,3
SPIKE,338,270,312,270,325,247.019,2
SPIKE,368,270,342,270,355,247.019,2
ELEVATOR,936,111,315,0,1
ELEVATOR,249,474,511,0,1
ELEVATOR,248,141,173,0,1
ELEVATOR,307,141,173,0,1
SHOOTER,704,486
SHOOTER,816,300
SHOOTER,800,171
SHOOTER,816,238
ENEMY,950,393
ENEMY,372.5,452
SHOOTER,675.5,357
SHOOTER,620,357
ENEMY,410,354
ENEMY,479,354
SHOOTER,416,172
ENEMY,496,71
ENEMY,531,71
SHOOTER,672.5,74
SHOOTER,467.5,74
