GROUND,120,30,302,16,1
GROUND,315,30,824,27,1
GROUND,165,90,852,147,1
GROUND,45,45,642,102,1
GROUND,15,30,672,177,0
GROUND,60,45,857,282,1
GROUND,30,30,767,267,0
GROUND,45,60,962,297,0
GROUND,30,75,989,432,0
GROUND,15,210,358,256,3
GROUND,270,15,643,451,2
GROUND,15,30,993,537,0
GROUND,15,15,358,528,3
GROUND,75,15,356,558,0
GROUND,15,15,446,569,0
GROUND,15,15,116,569,0
GROUND,15,225,208,318,3
GROUND,60,15,191,558,0
GROUND,270,15,286,635,3
GROUND,210,15,282,665,3
GROUND,30,15,253,451,0
GROUND,15,15,328,451,0
GROUND,45,15,298,369,0
GROUND,30,15,253,289,0
GROUND,15,45,268,229,0
GROUND,15,30,267,76,0
GROUND,30,105,11,100,0
SAVEPOINT,10,10,527,65
SAVEPOINT,10,10,204,582
SAVEPOINT,10,10,198,55
SPIKE,631,145,657,145,644,167.981,0
SPIKE,710,237,736,237,723,259.981,0
SPIKE,799,326,825,326,812,348.981,0
SPIKE,845,327,871,327,858,349.981,0
SPIKE,960,505,986,505,973,527.981,0
SPIKE,978,566,1004,566,991,588.981,0
SPIKE,990,586,1016,586,1003,608.981,0
SPIKE,985,574,1011,574,998,596.981,0
SPIKE,345,466,371,466,358,488.981,0
SPIKE,371,513,345,513,358,490.019,2
SPIKE,456,555,430,555,443,532.019,2
SPIKE,540,625,514,625,527,602.019,2
SPIKE,59,624,33,624,46,601.019,2
SPIKE,79,671,105,671,92,693.981,0
SPIKE,459,671,485,671,472,693.981,0
SPIKE,22,638,48,638,35,660.981,0
SPIKE,524,638,550,638,537,660.981,0
SPIKE,103,583,129,583,116,605.981,0
SPIKE,131,558,105,558,118,535.019,2
SPIKE,284,46,310,46,297,68.981,0
SPIKE,315,46,341,46,328,68.981,0
SPIKE,254,105,280,105,267,127.981,0
SPIKE,13,203,39,203,26,225.981,0
SPIKE,53,189,27,189,40,166.019,2
SPIKE,51,146,25,146,38,123.019,2
SPIKE,51,107,25,107,38,84.019,2
SPIKE,51,72,25,72,38,49.019,2
SPIKE,51,34,25,34,38,11.019,2
SHOOTER,724,481
SHOOTER,668,481
SHOOTER,803.5,481
SHOOTER,593.5,481
SHOOTER,499.5,481
SHOOTER,330,588
ENEMY,404,585
SHOOTER,207,588
ENEMY,158.5,585
ENEMY,257,478
ENEMY,275.5,396
SHOOTER,271,399
ENEMY,261.5,316
SHOOTER,466.5,481
SHOOTER,878.5,481
SHOOTER,770,481
