GROUND,420,30,587,27,0
GROUND,510,15,495,679,0
GROUND,75,15,75,595,1
GROUND,75,15,75,565,0
GROUND,15,15,165,565,1
GROUND,15,15,195,535,1
GROUND,90,15,90,535,0
GROUND,15,15,225,535,1
GROUND,15,15,255,536,0
GROUND,15,15,254,566,1
GROUND,15,15,214,649,0
GROUND,60,15,330,504,1
GROUND,15,15,313,619,0
GROUND,15,15,313,649,0
GROUND,135,15,135,505,0
GROUND,15,30,405,519,0
GROUND,15,60,487,604,0
GROUND,75,15,493,444,0
GROUND,15,30,583,459,0
GROUND,15,15,583,504,1
GROUND,120,15,686,603,1
GROUND,15,60,989,604,0
GROUND,30,15,699,483,1
GROUND,15,15,869,535,1
GROUND,15,15,614,536,1
GROUND,210,15,808,392,1
GROUND,15,15,834,469,1
GROUND,15,15,766,453,1
GROUND,45,15,929,566,1
GROUND,15,255,14,235,0
GROUND,15,15,718,72,1
GROUND,240,15,463,72,0
GROUND,15,15,688,102,1
GROUND,210,15,464,102,0
GROUND,15,15,208,72,1
GROUND,15,15,239,102,1
GROUND,180,15,466,132,0
GROUND,15,15,661,132,1
GROUND,15,15,271,132,1
GROUND,150,15,466,162,0
GROUND,15,15,631,162,1
GROUND,15,15,301,162,1
GROUND,120,15,466,192,0
GROUND,15,15,601,192,1
GROUND,15,15,331,192,1
GROUND,90,15,467,222,0
GROUND,15,15,572,222,1
GROUND,15,15,362,222,1
GROUND,60,15,468,252,0
GROUND,30,15,468,282,0
GROUND,15,15,393,252,1
GROUND,15,15,543,252,1
GROUND,15,15,513,282,1
GROUND,15,15,423,282,1
GROUND,30,15,469,312,1
GROUND,15,15,472,342,1
SAVEPOINT,10,10,20,627
SAVEPOINT,10,10,579,545
SAVEPOINT,10,10,697,518
SAVEPOINT,10,10,181,73
SPIKE,189,662,163,662,176,639.019,2
SPIKE,176,575,176,549,198.981,562,3
SPIKE,242,581,268,581,255,603.981,0
SPIKE,227,640,201,640,214,617.019,2
SPIKE,327,606,301,606,314,583.019,2
SPIKE,394,546,420,546,407,568.981,0
SPIKE,499,552,473,552,486,529.019,2
SPIKE,421,459,447,459,434,481.981,0
SPIKE,449,458,475,458,462,480.981,0
SPIKE,493,459,519,459,506,481.981,0
SPIKE,519,458,545,458,532,480.981,0
SPIKE,544,458,570,458,557,480.981,0
SPIKE,570,591,570,617,547.019,604,1
SPIKE,797,614,797,588,819.981,601,3
SPIKE,856,551,882,551,869,573.981,0
SPIKE,974,635,974,661,951.019,648,1
SPIKE,803,587,777,587,790,564.019,2
SPIKE,778,588,752,588,765,565.019,2
SPIKE,791,567,765,567,778,544.019,2
SPIKE,840,525,866,525,853,547.981,0
SPIKE,631,588,605,588,618,565.019,2
SPIKE,627,519,601,519,614,496.019,2
SPIKE,685,587,659,587,672,564.019,2
SPIKE,721,597,695,597,708,574.019,2
SPIKE,822,483,848,483,835,505.981,0
SPIKE,822,453,822,479,799.019,466,1
SPIKE,730,492,730,466,752.981,479,3
SPIKE,752,457,778,457,765,479.981,0
SPIKE,884,578,910,578,897,600.981,0
SPIKE,460,353,486,353,473,375.981,0
ENEMY,338.5,531
ENEMY,367.5,531
SHOOTER,636.5,422
SHOOTER,616.5,422
SHOOTER,746.5,422
SHOOTER,645.5,422
SHOOTER,698.5,422
SHOOTER,717.5,102
SHOOTER,689,132
SHOOTER,661.5,162
SHOOTER,636,192
SHOOTER,601.5,222
SHOOTER,570,252
SHOOTER,545.5,282
SHOOTER,515.5,312
ENEMY,425.5,309
ENEMY,362.5,249
ENEMY,333.5,219
ENEMY,302,189
ENEMY,238,129
ENEMY,207.5,99
