GROUND,510,60,492,40,0
GROUND,615,75,391,638,0
GROUND,285,15,317,115,0
GROUND,135,195,737,295,0
GROUND,15,165,997,398,0
GROUND,15,15,888,159,1
GROUND,15,15,967,253,1
GROUND,15,15,887,331,1
GROUND,15,30,997,203,0
SAVEPOINT,10,10,758,511
SPIKE,86,131,112,131,99,153.981,0
SPIKE,112,129,138,129,125,151.981,0
SPIKE,139,128,165,128,152,150.981,0
SPIKE,165,130,191,130,178,152.981,0
SPIKE,189,130,215,130,202,152.981,0
SPIKE,213,130,239,130,226,152.981,0
SPIKE,240,130,266,130,253,152.981,0
SPIKE,266,131,292,131,279,153.981,0
SPIKE,363,131,389,131,376,153.981,0
SPIKE,386,127,412,127,399,149.981,0
SPIKE,411,132,437,132,424,154.981,0
SPIKE,436,129,462,129,449,151.981,0
SPIKE,461,128,487,128,474,150.981,0
SPIKE,483,131,509,131,496,153.981,0
SPIKE,507,131,533,131,520,153.981,0
SPIKE,617,569,591,569,604,546.019,2
SPIKE,678,564,652,564,665,541.019,2
SPIKE,852,561,826,561,839,538.019,2
SPIKE,765,564,739,564,752,541.019,2
SPIKE,870,345,896,345,883,367.981,0
SPIKE,953,265,979,265,966,287.981,0
SPIKE,875,176,901,176,888,198.981,0
ELEVATOR,324,144,177,1,2
ELEVATOR,568,142,463,0,3
ENEMY,705.5,502
ENEMY,785.5,502
ENEMY,840.5,502
ENEMY,857.5,502
SHOOTER,776.5,505
