GROUND,135,15,663,77,3
GROUND,225,15,661,107,3
GROUND,270,15,660,137,3
GROUND,255,15,660,167,4
GROUND,270,15,661,197,3
GROUND,225,15,662,227,3
GROUND,135,15,660,257,3
GROUND,15,15,999,195,3
GROUND,15,105,999,75,0
GROUND,120,15,98,389,3
GROUND,30,15,300,389,3
GROUND,30,15,340,419,3
GROUND,30,15,386,449,3
GROUND,270,15,57,666,3
GROUND,30,15,340,636,3
GROUND,30,15,385,606,3
GROUND,15,15,401,576,3
GROUND,15,15,400,479,3
GROUND,15,30,419,527,4
GROUND,135,15,250,479,2
GROUND,30,15,21,480,2
GROUND,15,15,46,419,4
GROUND,15,45,37,540,4
GROUND,60,15,325,509,2
SAVEPOINT,10,10,666,282
SAVEPOINT,10,10,289,413
SPIKE,525,244,525,270,502.019,257,1
SPIKE,438,213,438,239,415.019,226,1
SPIKE,392,183,392,209,369.019,196,1
SPIKE,391,127,391,153,368.019,140,1
SPIKE,437,99,437,125,414.019,112,1
SPIKE,529,67,529,93,506.019,80,1
SPIKE,795,90,795,64,817.981,77,3
SPIKE,884,120,884,94,906.981,107,3
SPIKE,929,150,929,124,951.981,137,3
SPIKE,929,211,929,185,951.981,198,3
SPIKE,885,240,885,214,907.981,227,3
SPIKE,793,270,793,244,815.981,257,3
SPIKE,985,209,1011,209,998,231.981,0
SPIKE,999,178,973,178,986,155.019,2
SPIKE,999,150,973,150,986,127.019,2
SPIKE,999,119,973,119,986,96.019,2
SPIKE,999,89,973,89,986,66.019,2
SPIKE,999,59,973,59,986,36.019,2
SPIKE,999,30,973,30,986,7.019,2
SPIKE,891,572,865,572,878,549.019,2
SPIKE,866,574,866,600,843.019,587,1
SPIKE,891,598,891,572,913.981,585,3
SPIKE,865,598,891,598,878,620.981,0
SPIKE,846,455,820,455,833,432.019,2
SPIKE,846,482,846,456,868.981,469,3
SPIKE,821,457,821,483,798.019,470,1
SPIKE,819,482,845,482,832,504.981,0
SPIKE,767,360,741,360,754,337.019,2
SPIKE,741,362,741,388,718.019,375,1
SPIKE,768,388,768,362,790.981,375,3
SPIKE,741,388,767,388,754,410.981,0
SPIKE,298,119,324,119,311,141.981,0
SPIKE,273,119,299,119,286,141.981,0
SPIKE,248,118,274,118,261,140.981,0
SPIKE,275,118,249,118,262,95.019,2
SPIKE,296,119,270,119,283,96.019,2
SPIKE,322,119,296,119,309,96.019,2
SPIKE,324,223,298,223,311,200.019,2
SPIKE,299,223,299,249,276.019,236,1
SPIKE,323,248,323,222,345.981,235,3
SPIKE,298,246,324,246,311,268.981,0
SPIKE,306,292,280,292,293,269.019,2
SPIKE,282,290,282,316,259.019,303,1
SPIKE,305,317,305,291,327.981,304,3
SPIKE,279,317,305,317,292,339.981,0
SPIKE,381,345,355,345,368,322.019,2
SPIKE,355,346,355,372,332.019,359,1
SPIKE,381,369,381,343,403.981,356,3
SPIKE,355,370,381,370,368,392.981,0
SPIKE,411,550,411,576,388.019,563,1
SPIKE,411,480,411,506,388.019,493,1
SPIKE,32,434,58,434,45,456.981,0
SPIKE,25,584,51,584,38,606.981,0
SPIKE,51,667,25,667,38,644.019,2
ELEVATOR,245,163,389,3,5
ENEMY,195.5,416
ENEMY,187,416
ENEMY,123,416
SHOOTER,190,509
SHOOTER,217,509
SHOOTER,154,509
ENEMY,252,506
ENEMY,200,506
ENEMY,145,506
SHOOTER,300,539
SHOOTER,344,539
