GROUND,510,60,513,40,0
GROUND,45,60,648,160,0
GROUND,75,120,494,220,0
GROUND,90,195,282,295,0
GROUND,750,60,736,645,0
GROUND,30,30,759,130,0
GROUND,15,150,15,359,0
GROUND,45,15,647,235,0
GROUND,75,45,494,385,0
GROUND,60,15,0,115,0
GROUND,30,15,0,524,1
SAVEPOINT,10,10,966,121
SAVEPOINT,10,10,206,499
SPIKE,84,589,58,589,71,566.019,2
SPIKE,114,587,88,587,101,564.019,2
SPIKE,700,99,726,99,713,121.981,0
SPIKE,574,97,600,97,587,119.981,0
SPIKE,394,99,420,99,407,121.981,0
SPIKE,368,96,394,96,381,118.981,0
ELEVATOR,88,167,555,0,8
ELEVATOR,747,332,518,0,4
ENEMY,357.5,502
ENEMY,328.5,502
ENEMY,252.5,502
ENEMY,534.5,328
ENEMY,520.5,328
ENEMY,546.5,328
ENEMY,661.5,208
ENEMY,679.5,208
