GROUND,45,15,44,563,0
GROUND,15,360,15,188,0
GROUND,405,15,595,16,0
GROUND,15,195,298,226,0
GROUND,45,15,75,292,0
GROUND,15,15,192,145,0
GROUND,60,15,223,208,0
GROUND,90,15,193,374,0
GROUND,15,60,15,638,0
GROUND,15,15,118,457,0
GROUND,15,75,148,464,0
GROUND,30,15,188,292,0
GROUND,15,15,45,14,0
SAVEPOINT,10,10,244,41
SAVEPOINT,10,10,124,482
SPIKE,176,132,176,158,153.019,145,1
SPIKE,179,159,205,159,192,181.981,0
SPIKE,208,157,208,131,230.981,144,3
SPIKE,205,129,179,129,192,106.019,2
SPIKE,117,277,91,277,104,254.019,2
SPIKE,91,277,65,277,78,254.019,2
SPIKE,103,444,103,470,80.019,457,1
SPIKE,55,547,29,547,42,524.019,2
SPIKE,80,547,54,547,67,524.019,2
SPIKE,120,306,120,280,142.981,293,3
SPIKE,217,306,217,280,239.981,293,3
ELEVATOR,96,77,224,0,1
ENEMY,187.5,235
ENEMY,233.5,235
ENEMY,54.5,319
SHOOTER,117,404
