GROUND,510,15,495,15,0
GROUND,510,15,500,45,1
GROUND,60,15,60,614,1
GROUND,510,15,495,678,0
GROUND,285,30,452,346,2
GROUND,15,15,742,391,2
GROUND,15,15,755,361,2
GROUND,15,15,754,331,2
GROUND,15,15,785,346,2
GROUND,15,15,746,301,2
GROUND,15,15,726,271,2
GROUND,15,15,707,241,2
GROUND,15,15,724,421,2
GROUND,15,15,707,451,2
GROUND,15,15,688,211,2
GROUND,15,15,685,481,2
GROUND,15,270,13,329,0
GROUND,15,180,983,240,0
SAVEPOINT,10,10,51,646
SPIKE,174,376,200,376,187,398.981,0
SPIKE,232,376,258,376,245,398.981,0
SPIKE,259,376,285,376,272,398.981,0
SPIKE,284,375,310,375,297,397.981,0
SPIKE,345,376,371,376,358,398.981,0
SPIKE,373,375,399,375,386,397.981,0
SPIKE,398,375,424,375,411,397.981,0
SPIKE,425,375,451,375,438,397.981,0
SPIKE,450,375,476,375,463,397.981,0
SPIKE,474,375,500,375,487,397.981,0
SPIKE,539,375,565,375,552,397.981,0
SPIKE,567,375,593,375,580,397.981,0
SPIKE,593,376,619,376,606,398.981,0
SPIKE,620,376,646,376,633,398.981,0
SPIKE,647,375,673,375,660,397.981,0
ELEVATOR,97,111,312,0,1
