GROUND,75,15,701,16,0
GROUND,330,15,296,6,0
GROUND,150,195,851,318,0
GROUND,510,15,507,680,0
GROUND,15,315,11,350,0
GROUND,15,15,13,20,0
GROUND,15,15,686,169,1
GROUND,15,15,686,253,1
GROUND,15,15,686,334,1
GROUND,150,15,343,442,1
GROUND,15,15,713,528,0
GROUND,285,15,381,572,1
GROUND,15,195,477,232,0
GROUND,15,15,221,234,0
GROUND,15,15,41,51,0
GROUND,15,15,167,234,0
GROUND,15,15,303,236,0
GROUND,15,15,389,234,0
GROUND,15,15,412,542,0
GROUND,15,15,360,472,1
GROUND,15,15,41,166,1
GROUND,15,15,82,251,1
GROUND,15,105,112,221,0
GROUND,15,15,101,341,1
GROUND,15,105,111,461,0
GROUND,15,15,81,462,1
GROUND,30,30,970,543,0
GROUND,15,15,987,588,1
SAVEPOINT,10,10,745,55
SAVEPOINT,10,10,473,479
SAVEPOINT,10,10,43,88
SAVEPOINT,10,10,111,608
SPIKE,602,7,628,7,615,29.981,0
SPIKE,576,7,602,7,589,29.981,0
SPIKE,553,7,579,7,566,29.981,0
SPIKE,527,7,553,7,540,29.981,0
SPIKE,502,7,528,7,515,29.981,0
SPIKE,476,6,502,6,489,28.981,0
SPIKE,451,6,477,6,464,28.981,0
SPIKE,425,6,451,6,438,28.981,0
SPIKE,399,7,425,7,412,29.981,0
SPIKE,374,8,400,8,387,30.981,0
SPIKE,349,7,375,7,362,29.981,0
SPIKE,324,8,350,8,337,30.981,0
SPIKE,298,8,324,8,311,30.981,0
SPIKE,273,8,299,8,286,30.981,0
SPIKE,248,7,274,7,261,29.981,0
SPIKE,222,8,248,8,235,30.981,0
SPIKE,196,8,222,8,209,30.981,0
SPIKE,170,8,196,8,183,30.981,0
SPIKE,146,7,172,7,159,29.981,0
SPIKE,121,7,147,7,134,29.981,0
SPIKE,97,7,123,7,110,29.981,0
SPIKE,72,8,98,8,85,30.981,0
SPIKE,48,9,74,9,61,31.981,0
SPIKE,23,10,49,10,36,32.981,0
SPIKE,1,10,27,10,14,32.981,0
SPIKE,701,543,727,543,714,565.981,0
SPIKE,125,121,99,121,112,98.019,2
SPIKE,236,247,236,221,258.981,234,3
SPIKE,206,222,206,248,183.019,235,1
SPIKE,153,222,153,248,130.019,235,1
SPIKE,290,222,290,248,267.019,235,1
SPIKE,318,249,318,223,340.981,236,3
SPIKE,374,222,374,248,351.019,235,1
SPIKE,402,246,402,220,424.981,233,3
SPIKE,373,484,373,458,395.981,471,3
SPIKE,425,529,399,529,412,506.019,2
SPIKE,319,456,345,456,332,478.981,0
SPIKE,293,455,319,455,306,477.981,0
SPIKE,268,455,294,455,281,477.981,0
SPIKE,194,457,220,457,207,479.981,0
SPIKE,260,555,234,555,247,532.019,2
SPIKE,346,482,372,482,359,504.981,0
SPIKE,27,149,27,123,49.981,136,3
SPIKE,97,310,97,336,74.019,323,1
SPIKE,97,320,97,346,74.019,333,1
SPIKE,87,316,87,342,64.019,329,1
SPIKE,26,379,26,353,48.981,366,3
SPIKE,98,426,98,452,75.019,439,1
SPIKE,27,407,27,381,49.981,394,3
SPIKE,209,587,235,587,222,609.981,0
SPIKE,226,587,252,587,239,609.981,0
SPIKE,217,602,243,602,230,624.981,0
SPIKE,308,664,282,664,295,641.019,2
ELEVATOR,577,73,360,0,2
ELEVATOR,171,305,342,0,1
ELEVATOR,282,276,311,0,1
ELEVATOR,397,275,308,0,1
ELEVATOR,362,152,186,0,1
ELEVATOR,215,121,153,0,1
SHOOTER,683.5,199
SHOOTER,686,199
SHOOTER,689.5,199
SHOOTER,680.5,283
SHOOTER,686.5,283
SHOOTER,689,283
SHOOTER,681,364
SHOOTER,686.5,364
SHOOTER,690.5,364
SHOOTER,635.5,602
ENEMY,410,599
SHOOTER,541.5,602
ENEMY,618,599
SHOOTER,501,602
ENEMY,651.5,599
SHOOTER,604,602
ENEMY,355.5,599
ENEMY,613,599
ENEMY,561.5,599
ENEMY,545,599
ENEMY,530.5,599
ENEMY,517,599
ENEMY,494.5,599
ENEMY,411.5,599
ENEMY,389.5,599
ENEMY,373.5,599
ENEMY,352,599
ENEMY,325.5,599
ENEMY,288.5,599
ENEMY,320,599
ENEMY,350.5,599
ENEMY,383.5,599
