GROUND,510,30,504,28,4
GROUND,90,15,87,339,4
GROUND,240,15,526,498,4
GROUND,15,240,987,298,4
GROUND,510,15,504,678,3
GROUND,15,15,359,373,4
GROUND,15,15,389,395,4
GROUND,15,15,419,373,4
GROUND,15,15,659,397,4
GROUND,15,15,629,372,4
GROUND,15,15,689,374,4
GROUND,15,15,520,309,4
GROUND,165,15,526,231,4
GROUND,15,15,376,201,4
GROUND,15,15,676,201,4
GROUND,165,15,526,171,4
GROUND,90,135,87,189,4
GROUND,90,105,89,558,4
SAVEPOINT,10,10,146,385
SAVEPOINT,10,10,760,534
SPIKE,377,407,403,407,390,429.981,0
SPIKE,646,405,672,405,659,427.981,0
SPIKE,292,511,318,511,305,533.981,0
SPIKE,318,513,344,513,331,535.981,0
SPIKE,346,513,372,513,359,535.981,0
SPIKE,374,513,400,513,387,535.981,0
SPIKE,400,513,426,513,413,535.981,0
SPIKE,426,512,452,512,439,534.981,0
SPIKE,450,512,476,512,463,534.981,0
SPIKE,473,512,499,512,486,534.981,0
SPIKE,496,512,522,512,509,534.981,0
SPIKE,522,513,548,513,535,535.981,0
SPIKE,546,512,572,512,559,534.981,0
SPIKE,572,513,598,513,585,535.981,0
SPIKE,595,512,621,512,608,534.981,0
SPIKE,620,513,646,513,633,535.981,0
SPIKE,645,513,671,513,658,535.981,0
SPIKE,669,512,695,512,682,534.981,0
SPIKE,693,512,719,512,706,534.981,0
SPIKE,716,513,742,513,729,535.981,0
SPIKE,347,386,373,386,360,408.981,0
SPIKE,406,386,432,386,419,408.981,0
SPIKE,618,386,644,386,631,408.981,0
SPIKE,673,387,699,387,686,409.981,0
ELEVATOR,805,189,376,2,5
ELEVATOR,267,163,358,2,5
ENEMY,464.5,198
ENEMY,453,198
ENEMY,442,198
ENEMY,435,198
ENEMY,429,198
ENEMY,433.5,198
ENEMY,549.5,198
ENEMY,568.5,198
ENEMY,577,198
ENEMY,578,198
ENEMY,572,198
ENEMY,565.5,198
ENEMY,558.5,198
ENEMY,551,198
ENEMY,543.5,198
ENEMY,535.5,198
ENEMY,529,198
ENEMY,521.5,198
ENEMY,515,198
ENEMY,507.5,198
ENEMY,500.5,198
ENEMY,493.5,198
ENEMY,487,198
ENEMY,479,198
ENEMY,472,198
ENEMY,465,198
ENEMY,458,198
ENEMY,451.5,198
ENEMY,443.5,198
ENEMY,437,198
ENEMY,430,198
ENEMY,423.5,198
ENEMY,417,198
ENEMY,410,198
ENEMY,403,198
ENEMY,410.5,198
ENEMY,416.5,198
ENEMY,556,198
ENEMY,437,198
ENEMY,439,198
ENEMY,436,198
ENEMY,429.5,198
ENEMY,417,198
ENEMY,407,198
ENEMY,422,198
ENEMY,533,198
ENEMY,616.5,198
ENEMY,630.5,198
ENEMY,643,198
ENEMY,636.5,198
ENEMY,625.5,198
ENEMY,617.5,198
ENEMY,612,198
ENEMY,605,198
ENEMY,599,198
ENEMY,592,198
ENEMY,543.5,198
ENEMY,537.5,198
ENEMY,531.5,198
ENEMY,511.5,198
ENEMY,509,198
ENEMY,583,198
ENEMY,534,198
ENEMY,556.5,198
ENEMY,605.5,198
ENEMY,629.5,198
ENEMY,645,198
ENEMY,619,198
ENEMY,592.5,198
ENEMY,565.5,198
ENEMY,536.5,198
ENEMY,510.5,198
ENEMY,485.5,198
ENEMY,460.5,198
ENEMY,438.5,198
ENEMY,421.5,198
