GROUND,500,20,500,20,0
GROUND,15,270,4,408,0
GROUND,345,15,657,55,1
GROUND,150,15,215,55,1
GROUND,30,240,128,310,0
GROUND,15,15,35,178,2
GROUND,15,15,83,287,2
GROUND,15,15,34,403,2
GROUND,15,15,83,508,2
GROUND,480,30,499,684,0
GROUND,30,240,462,310,0
GROUND,15,15,446,639,0
GROUND,15,15,476,639,0
GROUND,15,15,506,639,0
GROUND,240,15,732,535,1
GROUND,30,255,985,265,0
SAVEPOINT,10,10,129,569
SPIKE,461,628,435,628,448,605.019,2
SPIKE,484,626,458,626,471,603.019,2
SPIKE,509,628,483,628,496,605.019,2
SPIKE,522,630,496,630,509,607.019,2
SPIKE,432,631,432,657,409.019,644,1
SPIKE,262,68,288,68,275,90.981,0
SPIKE,287,70,313,70,300,92.981,0
ELEVATOR,402,74,603,2,3
ENEMY,376.5,82
ENEMY,407,82
ENEMY,227.5,82
ENEMY,225,82
SHOOTER,826,565
SHOOTER,571.5,565
SHOOTER,603,565
