GROUND,510,60,494,40,0
GROUND,375,255,371,470,3
GROUND,15,345,998,445,3
GROUND,30,15,776,621,2
GROUND,30,15,953,548,2
GROUND,30,15,776,487,2
GROUND,30,15,953,428,2
GROUND,30,15,776,360,2
GROUND,30,15,953,283,2
GROUND,30,15,776,279,2
SAVEPOINT,10,10,954,120
SPIKE,104,101,130,101,117,123.981,0
SPIKE,131,217,105,217,118,194.019,2
SPIKE,159,215,133,215,146,192.019,2
SPIKE,185,217,159,217,172,194.019,2
SPIKE,171,195,145,195,158,172.019,2
SPIKE,396,102,422,102,409,124.981,0
SPIKE,211,215,185,215,198,192.019,2
SPIKE,237,215,211,215,224,192.019,2
SPIKE,259,216,233,216,246,193.019,2
SPIKE,316,217,290,217,303,194.019,2
SPIKE,340,217,314,217,327,194.019,2
SPIKE,358,217,332,217,345,194.019,2
SPIKE,447,220,421,220,434,197.019,2
SPIKE,523,216,497,216,510,193.019,2
ELEVATOR,871,111,662,1,3
SHOOTER,790.5,651
SHOOTER,969.5,578
SHOOTER,777.5,517
SHOOTER,787.5,390
SHOOTER,777.5,309
SHOOTER,967.5,458
SHOOTER,947.5,313
ENEMY,514.5,112
SHOOTER,694.5,115
ENEMY,870.5,112
ENEMY,785.5,112
ENEMY,241.5,112
ENEMY,223.5,112
ENEMY,270.5,112
ENEMY,965.5,112
