GROUND,285,15,450,3,0
GROUND,15,120,7,246,0
GROUND,105,15,82,4,0
GROUND,120,30,327,48,0
GROUND,30,240,477,258,0
GROUND,105,15,342,142,0
GROUND,30,15,52,138,2
GROUND,15,105,7,471,0
GROUND,30,15,52,220,2
GROUND,30,15,52,295,2
GROUND,30,15,52,372,2
GROUND,30,15,52,435,2
GROUND,180,15,354,591,0
GROUND,45,30,402,187,0
GROUND,45,15,402,281,0
GROUND,15,15,318,352,0
GROUND,15,15,160,440,0
GROUND,45,15,402,426,0
GROUND,285,15,819,591,0
GROUND,15,15,605,514,0
GROUND,15,15,522,352,0
GROUND,75,15,809,444,0
GROUND,15,225,998,351,0
GROUND,90,15,825,3,0
GROUND,45,15,930,334,0
GROUND,45,15,688,239,0
GROUND,15,15,696,348,0
GROUND,60,15,915,176,0
GROUND,30,15,782,125,0
GROUND,45,15,646,80,1
GROUND,15,15,582,270,0
GROUND,60,15,915,304,0
GROUND,75,15,930,3,0
GROUND,15,15,909,33,0
GROUND,15,15,7,34,0
GROUND,15,15,37,34,0
GROUND,45,15,7,64,0
GROUND,45,15,37,527,0
GROUND,15,15,160,470,0
GROUND,585,15,417,687,0
GROUND,15,45,994,627,0
SAVEPOINT,10,10,198,34
SAVEPOINT,10,10,462,509
SAVEPOINT,10,10,756,32
SAVEPOINT,10,10,193,615
SPIKE,265,66,291,66,278,88.981,0
SPIKE,238,65,264,65,251,87.981,0
SPIKE,210,65,236,65,223,87.981,0
SPIKE,324,68,350,68,337,90.981,0
SPIKE,246,128,246,154,223.019,141,1
SPIKE,265,137,239,137,252,114.019,2
SPIKE,366,268,366,294,343.019,281,1
SPIKE,366,189,366,215,343.019,202,1
SPIKE,364,157,364,183,341.019,170,1
SPIKE,304,360,330,360,317,382.981,0
SPIKE,328,343,302,343,315,320.019,2
SPIKE,324,360,324,334,346.981,347,3
SPIKE,312,339,312,365,289.019,352,1
SPIKE,148,446,174,446,161,468.981,0
SPIKE,154,427,154,453,131.019,440,1
SPIKE,173,431,147,431,160,408.019,2
SPIKE,167,451,167,425,189.981,438,3
SPIKE,591,521,617,521,604,543.981,0
SPIKE,598,499,598,525,575.019,512,1
SPIKE,617,508,591,508,604,485.019,2
SPIKE,611,527,611,501,633.981,514,3
SPIKE,508,362,534,362,521,384.981,0
SPIKE,510,15,536,15,523,37.981,0
SPIKE,538,15,564,15,551,37.981,0
SPIKE,567,16,593,16,580,38.981,0
SPIKE,603,13,629,13,616,35.981,0
SPIKE,636,10,662,10,649,32.981,0
SPIKE,669,15,695,15,682,37.981,0
SPIKE,703,15,729,15,716,37.981,0
SPIKE,683,355,709,355,696,377.981,0
SPIKE,689,334,689,360,666.019,347,1
SPIKE,710,340,684,340,697,317.019,2
SPIKE,705,361,705,335,727.981,348,3
SPIKE,814,139,814,113,836.981,126,3
SPIKE,753,111,753,137,730.019,124,1
SPIKE,570,279,596,279,583,301.981,0
SPIKE,574,256,574,282,551.019,269,1
SPIKE,594,261,568,261,581,238.019,2
SPIKE,590,281,590,255,612.981,268,3
SPIKE,860,313,886,313,873,335.981,0
SPIKE,863,290,863,316,840.019,303,1
SPIKE,78,541,78,515,100.981,528,3
SPIKE,57,540,83,540,70,562.981,0
SPIKE,177,578,177,604,154.019,591,1
ELEVATOR,263,385,487,0,1
ELEVATOR,634,352,458,0,1
SHOOTER,39.5,402
SHOOTER,41,402
SHOOTER,42.5,325
SHOOTER,40.5,250
SHOOTER,36,168
SHOOTER,418,232
SHOOTER,398,311
SHOOTER,370,456
SHOOTER,791,474
ENEMY,915,361
ENEMY,720,266
SHOOTER,917,206
ENEMY,669,107
ENEMY,810,30
ENEMY,845.5,30
SHOOTER,937.5,621
ENEMY,835,618
SHOOTER,841,621
SHOOTER,769.5,621
