GROUND,510,60,504,40,0
GROUND,15,90,140,191,0
GROUND,15,15,140,296,0
GROUND,15,15,140,326,0
GROUND,15,15,140,356,0
GROUND,15,15,140,386,1
GROUND,15,15,140,386,0
GROUND,15,15,140,416,0
GROUND,15,15,140,446,0
GROUND,15,15,140,476,0
GROUND,15,15,140,476,0
GROUND,15,15,140,506,0
GROUND,15,15,140,536,0
GROUND,15,15,140,566,0
GROUND,15,15,140,596,0
GROUND,15,240,170,340,0
GROUND,15,15,170,595,0
GROUND,570,30,493,694,3
GROUND,135,15,259,597,1
GROUND,15,15,200,567,0
GROUND,15,15,230,567,0
GROUND,15,15,260,567,0
GROUND,15,15,290,567,0
GROUND,15,15,320,567,0
GROUND,15,15,350,567,0
GROUND,15,15,380,567,0
GROUND,90,15,426,447,1
GROUND,15,15,332,537,0
GROUND,15,15,333,507,0
GROUND,15,15,333,477,0
GROUND,15,15,332,447,0
GROUND,210,120,791,544,0
GROUND,210,90,791,334,0
GROUND,135,30,446,278,0
GROUND,15,180,236,339,0
GROUND,15,15,296,263,0
GROUND,15,15,266,263,0
GROUND,300,15,583,115,0
GROUND,225,15,546,145,0
GROUND,15,15,775,145,0
GROUND,15,15,793,145,0
GROUND,15,15,823,145,0
GROUND,180,15,656,175,1
GROUND,15,15,461,175,1
GROUND,15,15,443,175,1
GROUND,15,15,413,175,1
GROUND,15,30,985,214,0
SAVEPOINT,10,10,99,506
SAVEPOINT,10,10,246,119
SPIKE,61,98,87,98,74,120.981,0
SPIKE,83,97,109,97,96,119.981,0
SPIKE,103,98,129,98,116,120.981,0
SPIKE,349,432,323,432,336,409.019,2
SPIKE,377,433,351,433,364,410.019,2
SPIKE,408,433,382,433,395,410.019,2
SPIKE,433,433,407,433,420,410.019,2
SPIKE,459,434,433,434,446,411.019,2
SPIKE,488,434,462,434,475,411.019,2
SPIKE,509,435,483,435,496,412.019,2
SPIKE,255,272,281,272,268,294.981,0
SPIKE,283,273,309,273,296,295.981,0
SPIKE,535,256,509,256,522,233.019,2
SPIKE,634,256,608,256,621,233.019,2
SPIKE,706,255,680,255,693,232.019,2
SPIKE,404,187,430,187,417,209.981,0
SPIKE,441,190,467,190,454,212.981,0
ELEVATOR,96,116,614,1,7
ELEVATOR,286,294,507,0,3
ENEMY,322.5,624
ENEMY,341.5,624
ENEMY,271,624
SHOOTER,458.5,477
ENEMY,335.5,172
SHOOTER,666.5,205
