GROUND,555,15,501,16,0
GROUND,15,105,13,136,0
GROUND,15,255,611,286,0
GROUND,15,75,718,377,0
GROUND,15,75,838,377,0
GROUND,45,15,778,377,0
GROUND,15,45,905,347,0
GROUND,15,15,904,437,0
GROUND,240,15,833,556,0
GROUND,150,15,178,226,0
GROUND,195,15,821,256,0
GROUND,15,135,985,406,0
GROUND,15,105,984,136,0
GROUND,15,165,14,536,0
GROUND,15,105,343,136,0
GROUND,105,15,167,124,0
GROUND,15,15,227,154,0
GROUND,15,15,227,94,0
GROUND,15,15,197,178,0
GROUND,15,15,197,63,0
GROUND,15,75,795,144,0
GROUND,15,15,765,174,0
GROUND,15,15,738,144,0
GROUND,15,15,825,174,0
GROUND,15,15,853,144,0
GROUND,15,75,986,616,0
GROUND,90,15,119,594,1
GROUND,405,15,566,685,0
GROUND,15,15,403,445,0
GROUND,15,15,337,388,0
SAVEPOINT,10,10,43,250
SAVEPOINT,10,10,623,580
SPIKE,357,30,383,30,370,52.981,0
SPIKE,384,31,410,31,397,53.981,0
SPIKE,411,31,437,31,424,53.981,0
SPIKE,440,31,466,31,453,53.981,0
SPIKE,469,31,495,31,482,53.981,0
SPIKE,496,31,522,31,509,53.981,0
SPIKE,523,33,549,33,536,55.981,0
SPIKE,550,33,576,33,563,55.981,0
SPIKE,572,30,598,30,585,52.981,0
SPIKE,390,460,416,460,403,482.981,0
SPIKE,388,431,388,457,365.019,444,1
SPIKE,419,458,419,432,441.981,445,3
SPIKE,417,430,391,430,404,407.019,2
SPIKE,323,402,349,402,336,424.981,0
SPIKE,322,376,322,402,299.019,389,1
SPIKE,350,372,324,372,337,349.019,2
SPIKE,352,401,352,375,374.981,388,3
ELEVATOR,429,96,348,0,3
ELEVATOR,530,237,595,0,2
ELEVATOR,297,467,612,0,3
ENEMY,797.5,404
ENEMY,777.5,404
ENEMY,692.5,283
ENEMY,673.5,283
ENEMY,711.5,283
ENEMY,668.5,283
SHOOTER,769.5,286
SHOOTER,741.5,286
SHOOTER,704.5,286
SHOOTER,640.5,286
ENEMY,834.5,283
ENEMY,882.5,283
ENEMY,696.5,43
SHOOTER,784.5,46
SHOOTER,744.5,46
SHOOTER,713.5,46
ENEMY,841.5,43
SHOOTER,640.5,46
SHOOTER,659.5,46
ENEMY,825.5,43
ENEMY,793.5,43
ENEMY,793,583
SHOOTER,759.5,586
SHOOTER,723.5,586
ENEMY,929.5,583
ENEMY,931.5,583
SHOOTER,866,586
SHOOTER,767.5,586
