GROUND,15,75,12,73,0
GROUND,15,75,181,72,3
GROUND,15,15,151,13,4
GROUND,15,75,293,72,3
GROUND,15,75,406,72,3
GROUND,90,15,511,4,2
GROUND,30,30,179,227,0
GROUND,30,30,292,227,0
GROUND,30,30,406,228,0
GROUND,15,15,181,272,2
GROUND,15,15,195,302,2
GROUND,15,45,291,302,2
GROUND,15,15,393,303,2
GROUND,15,15,210,332,2
GROUND,15,15,377,333,2
GROUND,120,15,292,363,3
GROUND,45,15,153,393,3
GROUND,45,15,432,393,3
GROUND,30,15,99,423,3
GROUND,30,15,485,423,3
GROUND,15,15,95,453,4
GROUND,30,15,97,483,3
GROUND,30,30,25,178,0
GROUND,30,15,20,223,3
GROUND,45,15,431,513,3
GROUND,45,15,153,513,3
GROUND,45,15,220,543,3
GROUND,45,15,365,543,3
GROUND,15,30,491,520,3
GROUND,15,15,521,527,4
GROUND,15,45,340,483,2
GROUND,15,15,246,452,2
GROUND,15,15,409,273,2
GROUND,90,180,942,169,0
GROUND,105,15,747,121,2
GROUND,15,45,528,152,4
GROUND,105,15,648,184,2
GROUND,15,15,616,3,4
GROUND,15,15,627,121,4
GROUND,15,15,768,185,4
GROUND,30,15,105,213,0
GROUND,30,15,483,212,0
GROUND,105,15,662,442,2
GROUND,15,60,782,397,4
GROUND,75,15,872,442,0
GROUND,120,45,916,555,0
GROUND,15,15,996,442,0
GROUND,105,15,661,517,2
GROUND,15,15,781,519,4
SAVEPOINT,10,10,182,156
SAVEPOINT,10,10,408,156
SAVEPOINT,10,10,293,388
SAVEPOINT,10,10,221,568
SAVEPOINT,10,10,782,466
SPIKE,204,1,230,1,217,23.981,0
SPIKE,243,1,269,1,256,23.981,0
SPIKE,315,1,341,1,328,23.981,0
SPIKE,353,1,379,1,366,23.981,0
SPIKE,321,184,321,210,298.019,197,1
SPIKE,263,211,263,185,285.981,198,3
SPIKE,205,185,205,211,182.019,198,1
SPIKE,377,212,377,186,399.981,199,3
SPIKE,47,236,47,210,69.981,223,3
SPIKE,21,230,47,230,34,252.981,0
SPIKE,0,230,26,230,13,252.981,0
SPIKE,353,442,327,442,340,419.019,2
SPIKE,260,465,260,439,282.981,452,3
SPIKE,325,439,325,465,302.019,452,1
SPIKE,233,439,233,465,210.019,452,1
SPIKE,226,529,200,529,213,506.019,2
SPIKE,213,507,187,507,200,484.019,2
SPIKE,188,506,214,506,201,528.981,0
SPIKE,386,528,360,528,373,505.019,2
SPIKE,399,506,373,506,386,483.019,2
SPIKE,372,506,398,506,385,528.981,0
SPIKE,111,382,111,408,88.019,395,1
SPIKE,109,499,109,525,86.019,512,1
SPIKE,176,530,176,556,153.019,543,1
SPIKE,174,354,174,380,151.019,367,1
SPIKE,410,378,410,352,432.981,365,3
SPIKE,476,410,476,384,498.981,397,3
SPIKE,410,555,410,529,432.981,542,3
SPIKE,71,411,71,437,48.019,424,1
SPIKE,69,471,69,497,46.019,484,1
SPIKE,477,550,503,550,490,572.981,0
SPIKE,515,436,515,410,537.981,423,3
SPIKE,541,109,515,109,528,86.019,2
SPIKE,514,195,540,195,527,217.981,0
SPIKE,868,16,842,16,855,-6.981,2
SPIKE,869,47,843,47,856,24.019,2
SPIKE,868,78,842,78,855,55.019,2
SPIKE,627,17,627,-9,649.981,4,3
SPIKE,639,107,613,107,626,84.019,2
SPIKE,755,199,781,199,768,221.981,0
SPIKE,208,226,208,200,230.981,213,3
SPIKE,263,200,263,226,240.019,213,1
SPIKE,320,226,320,200,342.981,213,3
SPIKE,377,201,377,227,354.019,214,1
SPIKE,151,200,151,226,128.019,213,1
SPIKE,436,227,436,201,458.981,214,3
SPIKE,60,229,60,203,82.981,216,3
SPIKE,49,224,49,198,71.981,211,3
SPIKE,501,217,527,217,514,239.981,0
SPIKE,528,219,502,219,515,196.019,2
SPIKE,795,337,769,337,782,314.019,2
SPIKE,987,429,987,403,1009.98,416,3
SPIKE,988,401,988,375,1010.98,388,3
SPIKE,988,375,988,349,1010.98,362,3
SPIKE,988,485,988,459,1010.98,472,3
SPIKE,988,511,988,485,1010.98,498,3
SPIKE,524,539,524,513,546.981,526,3
SPIKE,799,598,825,598,812,620.981,0
SPIKE,828,598,854,598,841,620.981,0
SPIKE,859,597,885,597,872,619.981,0
SPIKE,887,599,913,599,900,621.981,0
SPIKE,918,598,944,598,931,620.981,0
SPIKE,948,598,974,598,961,620.981,0
SPIKE,977,600,1003,600,990,622.981,0
SPIKE,769,533,795,533,782,555.981,0
ELEVATOR,292,464,543,3,1
ELEVATOR,581,31,121,3,1
ELEVATOR,824,125,333,3,1
SHOOTER,283.5,393
SHOOTER,213.5,393
SHOOTER,286.5,393
SHOOTER,297.5,393
ENEMY,355,390
ENEMY,304,390
ENEMY,321.5,390
SHOOTER,171.5,423
SHOOTER,409.5,423
ENEMY,442.5,420
SHOOTER,494.5,453
ENEMY,478,450
SHOOTER,910.5,472
SHOOTER,907.5,472
ENEMY,830.5,469
ENEMY,894.5,469
