GROUND,450,30,550,30,0
GROUND,15,330,986,390,0
GROUND,15,345,14,347,3
GROUND,420,15,449,182,1
GROUND,15,15,884,152,0
GROUND,15,15,247,152,0
GROUND,15,15,339,152,0
GROUND,15,15,446,152,0
GROUND,270,15,699,307,1
GROUND,165,15,264,307,1
GROUND,60,15,913,471,0
GROUND,435,15,464,395,1
GROUND,15,45,838,501,0
GROUND,60,15,795,561,2
GROUND,120,15,628,484,1
GROUND,105,30,613,439,0
GROUND,15,30,733,439,0
GROUND,420,30,449,689,0
GROUND,315,15,420,550,1
GROUND,15,15,407,425,0
GROUND,15,15,407,455,1
GROUND,15,15,144,425,1
GROUND,15,15,44,484,1
GROUND,15,15,44,584,1
SAVEPOINT,10,10,123,80
SAVEPOINT,10,10,878,191
SAVEPOINT,10,10,63,221
SAVEPOINT,10,10,877,431
SAVEPOINT,10,10,215,424
SPIKE,899,165,899,139,921.981,152,3
SPIKE,944,61,970,61,957,83.981,0
SPIKE,915,61,941,61,928,83.981,0
SPIKE,970,88,970,114,947.019,101,1
SPIKE,867,167,841,167,854,144.019,2
SPIKE,194,60,220,60,207,82.981,0
SPIKE,260,136,234,136,247,113.019,2
SPIKE,275,59,301,59,288,81.981,0
SPIKE,351,137,325,137,338,114.019,2
SPIKE,371,59,397,59,384,81.981,0
SPIKE,460,138,434,138,447,115.019,2
SPIKE,514,61,540,61,527,83.981,0
SPIKE,537,166,511,166,524,143.019,2
SPIKE,640,60,666,60,653,82.981,0
SPIKE,665,165,639,165,652,142.019,2
SPIKE,681,59,707,59,694,81.981,0
SPIKE,700,166,674,166,687,143.019,2
SPIKE,664,198,690,198,677,220.981,0
SPIKE,690,198,716,198,703,220.981,0
SPIKE,677,222,703,222,690,244.981,0
SPIKE,757,270,731,270,744,247.019,2
SPIKE,745,293,719,293,732,270.019,2
SPIKE,770,292,744,292,757,269.019,2
SPIKE,658,291,632,291,645,268.019,2
SPIKE,647,273,621,273,634,250.019,2
SPIKE,635,291,609,291,622,268.019,2
SPIKE,568,199,594,199,581,221.981,0
SPIKE,543,199,569,199,556,221.981,0
SPIKE,555,223,581,223,568,245.981,0
SPIKE,541,302,515,302,528,279.019,2
SPIKE,511,303,485,303,498,280.019,2
SPIKE,516,185,542,185,529,207.981,0
SPIKE,497,183,523,183,510,205.981,0
SPIKE,460,184,486,184,473,206.981,0
SPIKE,479,183,505,183,492,205.981,0
SPIKE,487,305,461,305,474,282.019,2
SPIKE,28,322,28,296,50.981,309,3
SPIKE,327,196,353,196,340,218.981,0
SPIKE,223,197,249,197,236,219.981,0
SPIKE,248,198,274,198,261,220.981,0
SPIKE,274,197,300,197,287,219.981,0
SPIKE,300,196,326,196,313,218.981,0
SPIKE,196,196,222,196,209,218.981,0
SPIKE,104,194,130,194,117,216.981,0
SPIKE,740,314,766,314,753,336.981,0
SPIKE,673,313,699,313,686,335.981,0
SPIKE,586,313,612,313,599,335.981,0
SPIKE,521,314,547,314,534,336.981,0
SPIKE,453,311,479,311,466,333.981,0
SPIKE,353,311,379,311,366,333.981,0
SPIKE,288,310,314,310,301,332.981,0
SPIKE,212,309,238,309,225,331.981,0
SPIKE,748,458,748,432,770.981,445,3
SPIKE,823,459,823,485,800.019,472,1
SPIKE,470,540,444,540,457,517.019,2
SPIKE,508,447,508,473,485.019,460,1
SPIKE,481,410,507,410,494,432.981,0
SPIKE,452,410,478,410,465,432.981,0
SPIKE,422,409,448,409,435,431.981,0
SPIKE,421,451,421,477,398.019,464,1
SPIKE,392,442,392,468,369.019,455,1
SPIKE,353,411,379,411,366,433.981,0
SPIKE,326,410,352,410,339,432.981,0
SPIKE,300,408,326,408,313,430.981,0
SPIKE,272,408,298,408,285,430.981,0
SPIKE,244,407,270,407,257,429.981,0
SPIKE,132,441,158,441,145,463.981,0
SPIKE,159,533,133,533,146,510.019,2
SPIKE,105,410,131,410,118,432.981,0
SPIKE,66,408,92,408,79,430.981,0
SPIKE,132,534,106,534,119,511.019,2
SPIKE,30,567,30,541,52.981,554,3
SPIKE,105,566,131,566,118,588.981,0
SPIKE,132,566,158,566,145,588.981,0
SPIKE,159,566,185,566,172,588.981,0
SPIKE,183,565,209,565,196,587.981,0
SPIKE,320,662,294,662,307,639.019,2
SPIKE,349,662,323,662,336,639.019,2
SPIKE,419,564,445,564,432,586.981,0
SPIKE,446,565,472,565,459,587.981,0
SPIKE,567,640,593,640,580,662.981,0
SPIKE,593,588,567,588,580,565.019,2
SPIKE,863,661,837,661,850,638.019,2
ELEVATOR,899,564,669,1,2
ELEVATOR,323,566,605,0,3
ELEVATOR,448,639,670,0,3
SHOOTER,116,337
SHOOTER,151,337
SHOOTER,264,337
SHOOTER,339,337
ENEMY,401,334
ENEMY,401,334
ENEMY,406,334
ENEMY,497,334
ENEMY,651,334
ENEMY,842,334
ENEMY,851,334
ENEMY,839,334
ENEMY,825,334
