GROUND,510,60,492,8,0
GROUND,15,255,91,364,0
GROUND,90,15,196,604,0
GROUND,255,15,589,605,0
GROUND,15,255,859,365,0
GROUND,315,15,479,125,0
GROUND,15,15,874,83,0
GROUND,60,15,223,193,0
GROUND,90,15,375,252,0
GROUND,30,15,495,235,0
GROUND,15,15,403,222,0
GROUND,15,15,354,155,0
GROUND,15,120,243,328,0
GROUND,30,15,198,259,0
GROUND,30,15,198,325,0
GROUND,30,15,198,393,0
GROUND,45,15,151,469,0
GROUND,15,45,244,544,0
GROUND,195,15,454,514,0
GROUND,15,285,0,393,0
GROUND,15,15,30,123,0
GROUND,15,75,642,215,0
GROUND,15,15,641,484,0
GROUND,45,15,633,392,0
GROUND,60,15,784,393,0
GROUND,15,15,747,156,0
GROUND,15,60,747,318,0
GROUND,15,15,829,212,0
GROUND,15,30,802,348,0
GROUND,15,60,449,327,0
GROUND,15,15,672,238,0
GROUND,15,90,325,409,0
GROUND,60,15,524,322,0
GROUND,15,15,522,352,0
GROUND,15,15,829,498,0
GROUND,405,15,476,700,0
GROUND,15,105,986,219,0
GROUND,15,45,965,379,0
GROUND,15,75,974,499,0
GROUND,15,30,996,604,0
GROUND,15,15,904,83,0
GROUND,15,15,241,670,0
SAVEPOINT,10,10,154,493
SAVEPOINT,10,10,474,259
SAVEPOINT,10,10,28,146
SAVEPOINT,10,10,202,628
SAVEPOINT,10,10,898,106
SPIKE,861,71,861,97,838.019,84,1
SPIKE,99,137,99,111,121.981,124,3
SPIKE,169,111,169,137,146.019,124,1
SPIKE,313,240,287,240,300,217.019,2
SPIKE,281,204,281,178,303.981,191,3
SPIKE,471,222,471,248,448.019,235,1
SPIKE,466,130,492,130,479,152.981,0
SPIKE,493,228,467,228,480,205.019,2
SPIKE,519,233,493,233,506,210.019,2
SPIKE,416,210,390,210,403,187.019,2
SPIKE,341,170,367,170,354,192.981,0
SPIKE,255,206,281,206,268,228.981,0
SPIKE,129,467,103,467,116,444.019,2
SPIKE,149,467,123,467,136,444.019,2
SPIKE,165,470,139,470,152,447.019,2
SPIKE,78,589,78,615,55.019,602,1
SPIKE,79,615,105,615,92,637.981,0
SPIKE,847,617,873,617,860,639.981,0
SPIKE,871,617,871,591,893.981,604,3
SPIKE,0,699,0,673,22.981,686,3
SPIKE,10,693,10,667,32.981,680,3
SPIKE,11,210,11,184,33.981,197,3
SPIKE,12,271,12,245,34.981,258,3
SPIKE,10,338,10,312,32.981,325,3
SPIKE,10,402,10,376,32.981,389,3
SPIKE,10,468,10,442,32.981,455,3
SPIKE,9,536,9,510,31.981,523,3
SPIKE,9,602,9,576,31.981,589,3
SPIKE,630,287,656,287,643,309.981,0
SPIKE,675,380,649,380,662,357.019,2
SPIKE,734,169,760,169,747,191.981,0
SPIKE,760,273,734,273,747,250.019,2
SPIKE,843,200,817,200,830,177.019,2
SPIKE,257,411,257,385,279.981,398,3
SPIKE,312,465,312,491,289.019,478,1
SPIKE,316,322,316,348,293.019,335,1
SPIKE,517,511,491,511,504,488.019,2
SPIKE,542,510,516,510,529,487.019,2
SPIKE,437,383,463,383,450,405.981,0
SPIKE,409,264,435,264,422,286.981,0
SPIKE,592,379,592,405,569.019,392,1
SPIKE,631,472,631,498,608.019,485,1
SPIKE,458,328,484,328,471,350.981,0
SPIKE,485,329,511,329,498,351.981,0
SPIKE,555,337,581,337,568,359.981,0
SPIKE,510,365,536,365,523,387.981,0
SPIKE,532,332,558,332,545,354.981,0
SPIKE,725,407,751,407,738,429.981,0
SPIKE,648,524,648,498,670.981,511,3
SPIKE,874,687,900,687,887,709.981,0
SPIKE,53,687,79,687,66,709.981,0
SPIKE,975,414,1001,414,988,436.981,0
SPIKE,997,481,971,481,984,458.019,2
SPIKE,999,531,999,557,976.019,544,1
SPIKE,981,321,981,347,958.019,334,1
SPIKE,978,377,978,351,1000.98,364,3
SPIKE,987,364,1013,364,1000,386.981,0
SPIKE,986,583,986,609,963.019,596,1
SPIKE,989,627,989,653,966.019,640,1
SPIKE,988,661,988,635,1010.98,648,3
SPIKE,995,678,995,652,1017.98,665,3
SPIKE,981,673,1007,673,994,695.981,0
SPIKE,983,683,1009,683,996,705.981,0
SPIKE,974,529,948,529,961,506.019,2
SPIKE,951,443,951,417,973.981,430,3
SPIKE,940,401,966,401,953,423.981,0
SPIKE,977,280,977,306,954.019,293,1
SPIKE,977,167,977,193,954.019,180,1
SPIKE,976,229,976,255,953.019,242,1
SPIKE,366,687,340,687,353,664.019,2
SPIKE,378,619,404,619,391,641.981,0
SPIKE,444,686,418,686,431,663.019,2
SPIKE,462,620,488,620,475,642.981,0
ELEVATOR,135,116,432,0,1
ELEVATOR,370,334,438,1,1
ELEVATOR,517,418,512,0,1
ENEMY,10,10,517.5,80
ENEMY,10,10,690.5,80
ENEMY,10,10,791.5,80
ENEMY,10,10,425.5,80
SHOOTER,10,10,192.5,289
SHOOTER,10,10,200.5,355
SHOOTER,10,10,200.5,423
SHOOTER,10,10,494.5,265
ENEMY,10,10,801.5,420
ENEMY,10,10,471.5,541
ENEMY,10,10,613.5,541
ENEMY,10,10,443.5,541
ENEMY,10,10,578.5,541
ENEMY,10,10,633.5,541
ENEMY,10,10,609.5,541
ENEMY,10,10,610.5,541
ENEMY,10,10,629.5,541
ENEMY,10,10,603.5,541
SHOOTER,10,10,194.5,223
SHOOTER,10,10,295.5,155
SHOOTER,10,10,304.5,155
ENEMY,10,10,419.5,152
ENEMY,10,10,394.5,80
SHOOTER,10,10,810.5,635
SHOOTER,10,10,821.5,635
SHOOTER,10,10,806.5,635
SHOOTER,10,10,747.5,635
