GROUND,495,30,475,30,0
GROUND,45,15,34,408,1
GROUND,510,30,498,668,0
GROUND,60,75,55,563,0
GROUND,90,15,266,548,1
GROUND,75,15,154,429,1
GROUND,60,15,263,518,0
GROUND,15,15,338,518,0
GROUND,285,15,638,517,1
GROUND,15,315,985,323,0
GROUND,15,150,908,352,0
GROUND,15,195,820,255,0
GROUND,15,195,721,307,0
GROUND,15,180,589,240,0
GROUND,30,15,544,376,0
GROUND,15,180,439,322,0
GROUND,15,180,300,240,0
GROUND,15,150,409,352,0
GROUND,15,105,214,309,0
GROUND,15,30,110,90,0
GROUND,105,75,94,318,0
GROUND,75,15,124,408,0
SAVEPOINT,10,10,216,581
SAVEPOINT,10,10,911,77
SAVEPOINT,10,10,709,78
SAVEPOINT,10,10,429,78
SAVEPOINT,10,10,591,441
SAVEPOINT,10,10,302,439
SPIKE,115,508,115,482,137.981,495,3
SPIKE,100,562,100,536,122.981,549,3
SPIKE,202,501,202,527,179.019,514,1
SPIKE,178,524,178,550,155.019,537,1
SPIKE,359,531,385,531,372,553.981,0
SPIKE,387,532,413,532,400,554.981,0
SPIKE,414,531,440,531,427,553.981,0
SPIKE,441,533,467,533,454,555.981,0
SPIKE,469,530,495,530,482,552.981,0
SPIKE,497,531,523,531,510,553.981,0
SPIKE,523,530,549,530,536,552.981,0
SPIKE,549,530,575,530,562,552.981,0
SPIKE,578,530,604,530,591,552.981,0
SPIKE,604,531,630,531,617,553.981,0
SPIKE,632,533,658,533,645,555.981,0
SPIKE,662,533,688,533,675,555.981,0
SPIKE,690,533,716,533,703,555.981,0
SPIKE,718,532,744,532,731,554.981,0
SPIKE,745,532,771,532,758,554.981,0
SPIKE,772,532,798,532,785,554.981,0
SPIKE,798,533,824,533,811,555.981,0
SPIKE,822,533,848,533,835,555.981,0
SPIKE,848,533,874,533,861,555.981,0
SPIKE,874,532,900,532,887,554.981,0
SPIKE,916,519,916,493,938.981,506,3
SPIKE,975,403,975,429,952.019,416,1
SPIKE,919,321,919,295,941.981,308,3
SPIKE,922,204,896,204,909,181.019,2
SPIKE,835,116,835,90,857.981,103,3
SPIKE,894,203,894,229,871.019,216,1
SPIKE,835,308,835,282,857.981,295,3
SPIKE,893,358,893,384,870.019,371,1
SPIKE,833,446,833,420,855.981,433,3
SPIKE,778,501,752,501,765,478.019,2
SPIKE,806,400,806,426,783.019,413,1
SPIKE,737,318,737,292,759.981,305,3
SPIKE,803,203,803,229,780.019,216,1
SPIKE,733,151,733,125,755.981,138,3
SPIKE,706,155,706,181,683.019,168,1
SPIKE,707,183,707,209,684.019,196,1
SPIKE,684,171,684,197,661.019,184,1
SPIKE,603,319,603,293,625.981,306,3
SPIKE,604,348,604,322,626.981,335,3
SPIKE,626,334,626,308,648.981,321,3
SPIKE,546,389,572,389,559,411.981,0
SPIKE,518,389,544,389,531,411.981,0
SPIKE,455,331,455,305,477.981,318,3
SPIKE,455,305,455,279,477.981,292,3
SPIKE,475,318,475,292,497.981,305,3
SPIKE,574,193,574,219,551.019,206,1
SPIKE,574,165,574,191,551.019,178,1
SPIKE,575,219,575,245,552.019,232,1
SPIKE,553,205,553,231,530.019,218,1
SPIKE,553,179,553,205,530.019,192,1
SPIKE,531,192,531,218,508.019,205,1
SPIKE,573,140,573,166,550.019,153,1
SPIKE,552,153,552,179,529.019,166,1
SPIKE,529,168,529,194,506.019,181,1
SPIKE,510,181,510,207,487.019,194,1
SPIKE,203,444,229,444,216,466.981,0
SPIKE,229,501,203,501,216,478.019,2
SPIKE,422,214,396,214,409,191.019,2
SPIKE,395,237,395,263,372.019,250,1
SPIKE,314,263,314,237,336.981,250,3
SPIKE,315,323,315,297,337.981,310,3
SPIKE,314,352,314,326,336.981,339,3
SPIKE,335,339,335,313,357.981,326,3
SPIKE,407,311,407,337,384.019,324,1
SPIKE,305,410,305,384,327.981,397,3
SPIKE,380,385,380,411,357.019,398,1
SPIKE,402,399,402,425,379.019,412,1
SPIKE,402,373,402,399,379.019,386,1
SPIKE,227,206,201,206,214,183.019,2
SPIKE,265,59,291,59,278,81.981,0
SPIKE,159,60,185,60,172,82.981,0
SPIKE,129,58,155,58,142,80.981,0
SPIKE,198,247,172,247,185,224.019,2
ELEVATOR,385,525,588,0,1
ELEVATOR,444,527,587,0,1
ELEVATOR,503,527,595,0,1
ELEVATOR,562,525,588,0,1
ELEVATOR,623,526,593,0,1
ELEVATOR,684,526,591,0,1
ELEVATOR,744,524,590,0,1
ELEVATOR,805,524,595,0,1
ELEVATOR,859,94,434,2,4
ELEVATOR,634,107,415,0,2
ELEVATOR,361,120,419,0,1
ENEMY,220.5,72
ENEMY,220.5,72
ENEMY,212.5,72
ENEMY,222.5,72
ENEMY,211.5,72
ENEMY,220.5,72
