GROUND,500,40,501,16
GROUND,90,15,206,160
GROUND,105,15,500,150
GROUND,105,15,600,180
GROUND,150,15,650,260
GROUND,90,15,838,368
GROUND,30,15,590,424
GROUND,90,15,172,405
GROUND,90,15,412,414
GROUND,105,15,397,444
GROUND,180,15,323,474
GROUND,135,15,217,546
GROUND,45,45,457,518
GROUND,15,15,517,474
GROUND,15,15,140,249
GROUND,15,75,96,476
GROUND,30,15,249,280
SAVEPOINT,10,10,201,183
SAVEPOINT,10,10,424,572
SAVEPOINT,10,10,380,332
SPIKE,408,167,438,167,423,192,0
SPIKE,617,439,617,409,642.981,424,3
SPIKE,586,438,616,438,601,463.981,0
SPIKE,564,439,594,439,579,464.981,0
SPIKE,562,409,562,439,536.019,424,1
SPIKE,250,290,280,290,265,315.981,0
ENEMY,10,10,96,400
SHOOTER,10,10,200,200
