GROUND,975,30,18,662,0
GROUND,975,30,26,24,0
GROUND,240,15,13,217,3
GROUND,210,15,16,247,3
GROUND,180,15,15,277,3
GROUND,150,15,15,307,3
GROUND,105,15,14,337,3
GROUND,240,15,13,69,3
GROUND,15,15,133,277,1
SAVEPOINT,10,10,409,431
SAVEPOINT,10,10,-51,761
SPIKE,25,636,-1,636,12,613.019,2
SPIKE,55,634,29,634,42,611.019,2
SPIKE,84,633,58,633,71,610.019,2
SPIKE,106,613,132,613,119,635.981,0
SPIKE,112,632,86,632,99,609.019,2
SPIKE,253,204,227,204,240,181.019,2
SPIKE,234,203,208,203,221,180.019,2
SPIKE,216,203,190,203,203,180.019,2
SPIKE,195,202,169,202,182,179.019,2
SPIKE,19,203,-7,203,6,180.019,2
SPIKE,115,202,89,202,102,179.019,2
SPIKE,229,83,255,83,242,105.981,0
SPIKE,20,82,46,82,33,104.981,0
SPIKE,46,83,72,83,59,105.981,0
SPIKE,140,83,166,83,153,105.981,0
SPIKE,114,83,140,83,127,105.981,0
SPIKE,205,84,231,84,218,106.981,0
SPIKE,90,202,64,202,77,179.019,2
SPIKE,226,230,252,230,239,252.981,0
SPIKE,194,261,220,261,207,283.981,0
SPIKE,166,292,192,292,179,314.981,0
SPIKE,127,320,153,320,140,342.981,0
SPIKE,82,352,108,352,95,374.981,0
SPIKE,51,353,77,353,64,375.981,0
SPIKE,25,352,51,352,38,374.981,0
SPIKE,0,352,26,352,13,374.981,0
ELEVATOR,501,197,535,0,1
ELEVATOR,297,182,603,1,5
ELEVATOR,29,69,99,3,2
ELEVATOR,88,69,99,3,2
ELEVATOR,145,69,99,3,2
ELEVATOR,205,69,99,3,2
ELEVATOR,225,69,99,3,2
