GROUND,15,105,146,105,0
GROUND,15,405,14,395,0
GROUND,15,15,44,35,0
GROUND,15,15,116,144,0
GROUND,525,15,554,685,0
GROUND,165,15,194,297,0
GROUND,15,150,344,132,0
GROUND,45,15,284,101,0
GROUND,135,15,494,15,0
GROUND,15,255,748,255,0
GROUND,105,15,628,114,0
GROUND,165,15,524,215,0
GROUND,225,15,508,384,0
GROUND,15,15,99,404,0
GROUND,15,15,213,525,0
GROUND,15,15,828,430,0
GROUND,15,345,986,325,0
SAVEPOINT,10,10,319,125
SPIKE,548,685,574,685,561,707.981,0
SPIKE,55,282,29,282,42,259.019,2
SPIKE,81,282,55,282,68,259.019,2
SPIKE,108,282,82,282,95,259.019,2
SPIKE,135,282,109,282,122,259.019,2
SPIKE,161,283,135,283,148,260.019,2
SPIKE,186,283,160,283,173,260.019,2
SPIKE,212,282,186,282,199,259.019,2
SPIKE,237,282,211,282,224,259.019,2
SPIKE,263,283,237,283,250,260.019,2
SPIKE,289,282,263,282,276,259.019,2
SPIKE,316,283,290,283,303,260.019,2
SPIKE,707,398,733,398,720,420.981,0
SPIKE,681,399,707,399,694,421.981,0
SPIKE,655,397,681,397,668,419.981,0
SPIKE,629,398,655,398,642,420.981,0
SPIKE,607,397,633,397,620,419.981,0
SPIKE,583,396,609,396,596,418.981,0
SPIKE,557,398,583,398,570,420.981,0
SPIKE,530,398,556,398,543,420.981,0
SPIKE,504,398,530,398,517,420.981,0
SPIKE,479,399,505,399,492,421.981,0
SPIKE,452,399,478,399,465,421.981,0
SPIKE,426,399,452,399,439,421.981,0
SPIKE,401,398,427,398,414,420.981,0
SPIKE,378,399,404,399,391,421.981,0
SPIKE,352,398,378,398,365,420.981,0
SPIKE,328,399,354,399,341,421.981,0
SPIKE,301,399,327,399,314,421.981,0
SPIKE,816,445,842,445,829,467.981,0
SPIKE,814,416,814,442,791.019,429,1
SPIKE,843,445,843,419,865.981,432,3
SPIKE,840,414,814,414,827,391.019,2
ENEMY,261.5,128
SHOOTER,113.5,174
SHOOTER,673.5,144
SHOOTER,605.5,144
ENEMY,386.5,242
ENEMY,395.5,242
SHOOTER,413.5,245
ENEMY,450.5,242
